[
    {
        "source_sentence": [
            "b",
            "o",
            "m",
            "b",
            "i"
        ],
        "target_sentence": [
            "\u092c",
            "\u0949",
            "\u092e",
            "\u094d",
            "\u092c",
            "\u0940"
        ],
        "attention_matrix": [
            [
                0.15222190560025883,
                0.15219720933182873,
                0.15817656046938702,
                0.38315135634770064,
                0.1542529682508247
            ],
            [
                0.14977116110215202,
                0.14977084899548262,
                0.14979754946154492,
                0.1500733933127003,
                0.4005870471281201
            ],
            [
                0.2006182950498586,
                0.19967199469468355,
                0.20025380051867137,
                0.19898868555472657,
                0.2004672241820599
            ],
            [
                0.20003461224811456,
                0.19995388110474616,
                0.19999705996119424,
                0.19993363043105744,
                0.2000808162548875
            ],
            [
                0.20198038932222293,
                0.1995922463714153,
                0.19947571837923428,
                0.19945936694066088,
                0.19949227898646654
            ],
            [
                0.203200608828257,
                0.19937518959059258,
                0.19916810476266358,
                0.19910989809502425,
                0.1991461987234626
            ]
        ]
    },
    {
        "source_sentence": [
            "a",
            "p",
            "j"
        ],
        "target_sentence": [
            "\u0905",
            "\u092a",
            "\u091c"
        ],
        "attention_matrix": [
            [
                0.3330874143348888,
                0.3330733597865541,
                0.33383922587855713
            ],
            [
                0.33332928646733984,
                0.33330741921755874,
                0.3333632943151015
            ],
            [
                0.3335105934045961,
                0.33325396298350957,
                0.3332354436118943
            ]
        ]
    },
    {
        "source_sentence": [
            "v",
            "i",
            "p",
            "r",
            "i",
            "t",
            "a",
            "t",
            "a"
        ],
        "target_sentence": [
            "\u0935",
            "\u093f",
            "\u092a",
            "\u0930",
            "\u093f",
            "\u0924",
            "\u093e"
        ],
        "attention_matrix": [
            [
                0.09498592535373808,
                0.0949773734903209,
                0.0961012937907654,
                0.22824506127238198,
                0.10487036372837769,
                0.09562784926381347,
                0.09504435619828092,
                0.09517850096123444,
                0.0949692759410872
            ],
            [
                0.09539876745732352,
                0.09536785314710634,
                0.09563374601368643,
                0.10606581261234997,
                0.22192487012537668,
                0.09833245625307496,
                0.09566728659551935,
                0.0962286884048719,
                0.09538051939069074
            ],
            [
                0.09402960072155359,
                0.09395509601635034,
                0.09397310485355143,
                0.09402501871615945,
                0.0958438841681179,
                0.24417581420162468,
                0.09548347580705285,
                0.0944802294104587,
                0.09403377610513099
            ],
            [
                0.09717005625355905,
                0.09685385014684109,
                0.09701727732151486,
                0.09715399442279792,
                0.09846147501619679,
                0.12089403057472697,
                0.1944839670162732,
                0.10114697697694214,
                0.09681837227114777
            ],
            [
                0.09894973452763003,
                0.09775389573102279,
                0.09743811470284269,
                0.09739469343736912,
                0.09742039983923574,
                0.09934826124010153,
                0.1328988758022974,
                0.17726755451928483,
                0.10152847020021591
            ],
            [
                0.10079352871049037,
                0.0981703642887824,
                0.09783335192596475,
                0.0978195407444848,
                0.09783800976557666,
                0.09858846474102835,
                0.09805244562605618,
                0.09980515987452099,
                0.21109913432309546
            ],
            [
                0.11106013439687225,
                0.11105940711827862,
                0.11105939741950903,
                0.11105935585599583,
                0.11105945204249176,
                0.1110596786887286,
                0.11106267254492044,
                0.11108227163748091,
                0.11149763029572249
            ]
        ]
    },
    {
        "source_sentence": [
            "b",
            "a",
            "k",
            "a",
            "y",
            "o",
            "n"
        ],
        "target_sentence": [
            "\u092c",
            "\u0915",
            "\u093e",
            "\u092f",
            "\u094b",
            "\u0902"
        ],
        "attention_matrix": [
            [
                0.11659494849182095,
                0.11658232625738957,
                0.1182601693772961,
                0.29202048489825916,
                0.12317182282433091,
                0.11674378641476205,
                0.11662646173614133
            ],
            [
                0.12077036204661429,
                0.12076354794643587,
                0.1207914976504587,
                0.1209952600919248,
                0.1631777414796398,
                0.22243724596583966,
                0.1310643448190868
            ],
            [
                0.12481905370662372,
                0.1243692504193469,
                0.12480876535866918,
                0.12420062454502662,
                0.12433698356556258,
                0.13449866942659927,
                0.24296665297817174
            ],
            [
                0.14362695032798703,
                0.14231321536927713,
                0.1421338762570727,
                0.14211778844367332,
                0.1421213046104244,
                0.14213914393891755,
                0.14554772105264782
            ],
            [
                0.1428908212942963,
                0.1427816305326541,
                0.14278182656580365,
                0.1427804631882138,
                0.14278057574808492,
                0.1427835532980222,
                0.1432011293729249
            ],
            [
                0.1428815488070145,
                0.1428542137253834,
                0.14285104999075512,
                0.14285001923253932,
                0.14284985506176034,
                0.14284948888285762,
                0.1428638242996896
            ]
        ]
    },
    {
        "source_sentence": [
            "q",
            "a",
            "s",
            "i",
            "m"
        ],
        "target_sentence": [
            "\u0915",
            "\u093e",
            "\u0938",
            "\u093f",
            "\u092e"
        ],
        "attention_matrix": [
            [
                0.15131710381484823,
                0.1512613560935898,
                0.15238938457702902,
                0.3893554153036471,
                0.15567674021088593
            ],
            [
                0.16465275236299673,
                0.1645616123525054,
                0.16464042953562033,
                0.16569770088081454,
                0.3404475048680629
            ],
            [
                0.19957341534608358,
                0.19866676184964205,
                0.19877259117816515,
                0.19870853736483415,
                0.20427869426127507
            ],
            [
                0.1997405980872673,
                0.19941547029740178,
                0.19943913085082826,
                0.19940128002590132,
                0.20200352073860126
            ],
            [
                0.2012073057659439,
                0.19978774252945583,
                0.19967319198671896,
                0.19965422517590434,
                0.19967753454197704
            ]
        ]
    },
    {
        "source_sentence": [
            "s",
            "c",
            "a",
            "n",
            "d",
            "i",
            "n",
            "a",
            "v",
            "i",
            "a"
        ],
        "target_sentence": [
            "\u0938",
            "\u094d",
            "\u0915",
            "\u0948",
            "\u0902",
            "\u0921",
            "\u093f",
            "\u0928",
            "\u0947",
            "\u0935",
            "\u093f",
            "\u092f",
            "\u093e"
        ],
        "attention_matrix": [
            [
                0.07966348156094903,
                0.0794092244262907,
                0.08155486154039548,
                0.20067889433065536,
                0.08167145045953833,
                0.07960221310505637,
                0.0796443756186844,
                0.0797091103915357,
                0.07935621013694989,
                0.07935526440079228,
                0.07935491402915228
            ],
            [
                0.08167880689785542,
                0.08163583472976715,
                0.0820799064787606,
                0.10131211891231082,
                0.14760690393814035,
                0.09423846071041324,
                0.0844652746134977,
                0.0819953990381073,
                0.08174230163921992,
                0.08162559128376791,
                0.08161940175815946
            ],
            [
                0.08132613626821748,
                0.08106857045489194,
                0.08112120013095013,
                0.08144817221924094,
                0.08563071746478498,
                0.1618944238443328,
                0.10243068279304107,
                0.08165132473631406,
                0.08129303901999915,
                0.08107454526007575,
                0.08106118780815176
            ],
            [
                0.08061358276700796,
                0.08035970494235127,
                0.08044866206140121,
                0.08047202545014194,
                0.08059790472729875,
                0.18046846304954856,
                0.09471264454922092,
                0.08068534123790654,
                0.08099327800247783,
                0.08033077267545129,
                0.08031762053719393
            ],
            [
                0.08044210502906632,
                0.08022644389170326,
                0.08022832945336807,
                0.08022354280800624,
                0.08025263193553853,
                0.0807492827811448,
                0.18244175649928576,
                0.09413837959713531,
                0.080770071100671,
                0.08029162438288749,
                0.08023583252119322
            ],
            [
                0.08168271772992851,
                0.08149200533773021,
                0.08148556461151145,
                0.08148549544018074,
                0.08148687559812998,
                0.08159753456075007,
                0.08547940545269934,
                0.12062911643710973,
                0.14126571564890256,
                0.08162545705854644,
                0.08177011212451117
            ],
            [
                0.07912746201163041,
                0.0789821209468072,
                0.07898083393628554,
                0.07898077796399022,
                0.07898111272340468,
                0.07899061528518755,
                0.07899419125552135,
                0.0790976525786454,
                0.20860181377516834,
                0.07957799618737513,
                0.07968542333598423
            ],
            [
                0.08113523102901778,
                0.08105818898081128,
                0.08105795159486566,
                0.0810571286884005,
                0.08105757623946151,
                0.08106911296188032,
                0.08130757681990813,
                0.08112002912070729,
                0.08279169807997529,
                0.16074726389528057,
                0.1075982425896917
            ],
            [
                0.07932151197171759,
                0.07932144962666696,
                0.0793214097139903,
                0.0793213145597805,
                0.07932132714587074,
                0.07932162183958305,
                0.07932250810173842,
                0.07933195590443574,
                0.07960788924540319,
                0.08140776252966181,
                0.20440124936115178
            ],
            [
                0.090657643825138,
                0.09065366552341296,
                0.09065259261008336,
                0.09065200209718405,
                0.09065240092388145,
                0.09065562684508745,
                0.09065563379832962,
                0.09066428885556166,
                0.09094638462863305,
                0.09085212359387486,
                0.09295763729881341
            ],
            [
                0.09085344440962713,
                0.09085364986554158,
                0.09085356128518385,
                0.09085335819827346,
                0.0908533338620842,
                0.0908544180635999,
                0.09085337954812456,
                0.09085411915382094,
                0.090859635369186,
                0.09085849230830728,
                0.09145260793625105
            ],
            [
                0.09088438125299524,
                0.09088496109172649,
                0.09088406147683444,
                0.0908842687467474,
                0.09088482852434573,
                0.09088665409348866,
                0.09088477419672207,
                0.09088458235297414,
                0.09089378914329514,
                0.09097116411922966,
                0.0910565350016409
            ],
            [
                0.09090603592121596,
                0.09090602985682661,
                0.09090585710490928,
                0.09090577028035784,
                0.09090570551547925,
                0.09090613625128811,
                0.09090546785055541,
                0.09090566908568935,
                0.09090607467440061,
                0.09090642102842017,
                0.09094083243085739
            ]
        ]
    },
    {
        "source_sentence": [
            "f",
            "r",
            "i",
            "e",
            "n",
            "d",
            "s",
            "h",
            "i",
            "p"
        ],
        "target_sentence": [
            "\u092b",
            "\u094d",
            "\u0930",
            "\u0947",
            "\u0902",
            "\u0921",
            "\u0936",
            "\u093f",
            "\u092a"
        ],
        "attention_matrix": [
            [
                0.08626024971555402,
                0.0861961323365367,
                0.08772938593143632,
                0.2189432110938208,
                0.08713182209414506,
                0.08737704780830588,
                0.08703554035522172,
                0.08632041979888613,
                0.0868575786661961,
                0.08614861219989724
            ],
            [
                0.08853680503939043,
                0.08853294912030553,
                0.08864684105652863,
                0.10640572558466506,
                0.17018463256237157,
                0.10091853072605222,
                0.09102941696705129,
                0.08866258339441689,
                0.08855101090754391,
                0.08853150464167435
            ],
            [
                0.08875981338013972,
                0.08870989372970395,
                0.08873011226078026,
                0.08869054271855983,
                0.09745314240271494,
                0.16562404811812792,
                0.11172989228160737,
                0.09233809045311486,
                0.08926946007283382,
                0.0886950045824173
            ],
            [
                0.08885115933527868,
                0.08869694110304652,
                0.08868795759947685,
                0.08881797059289684,
                0.09515053150819568,
                0.11175164044738606,
                0.1667374476483413,
                0.09283255090427686,
                0.08963389810241693,
                0.08883990275868435
            ],
            [
                0.08988879432332784,
                0.08948770941648074,
                0.08925714706779614,
                0.08925033666970088,
                0.08929255583070453,
                0.09037180438497912,
                0.10954097285025696,
                0.15383764959024135,
                0.10941247297766385,
                0.08966055688884852
            ],
            [
                0.08750280294471646,
                0.08742383294592657,
                0.08741177928985518,
                0.08741172385171439,
                0.08741259633581328,
                0.08741444596354261,
                0.0875273167718905,
                0.10248318302903234,
                0.19531731134794822,
                0.09009500751956036
            ],
            [
                0.08877567268134388,
                0.08842717182239722,
                0.08840792108542607,
                0.08840783216757651,
                0.08840825593668655,
                0.08840865696828037,
                0.08841454757572371,
                0.08853522848842439,
                0.09424507561392428,
                0.19796963766021694
            ],
            [
                0.0994207414434514,
                0.09934340585547188,
                0.09933973066795541,
                0.0993377361210563,
                0.09933809811760813,
                0.0993389012531597,
                0.09940778281146131,
                0.09935287631587127,
                0.09961403141350775,
                0.10550669600045684
            ],
            [
                0.09999675547599304,
                0.09999641434436622,
                0.09999862531516848,
                0.09999481726620398,
                0.09999460979678358,
                0.09999633171413079,
                0.10001735505258258,
                0.10000489891753006,
                0.10000157751358972,
                0.0999986146036515
            ]
        ]
    },
    {
        "source_sentence": [
            "a",
            "c",
            "h",
            "c",
            "h",
            "i"
        ],
        "target_sentence": [
            "\u0905",
            "\u091a",
            "\u094d",
            "\u091b",
            "\u0940"
        ],
        "attention_matrix": [
            [
                0.13145778425637403,
                0.13144596414851573,
                0.13188920301774926,
                0.33845847271572627,
                0.13327050289871217,
                0.13347807296292263
            ],
            [
                0.13890216194731367,
                0.1388900172932427,
                0.13890158584578796,
                0.14197902943533042,
                0.2691214123471317,
                0.17220579313119352
            ],
            [
                0.15529765388639488,
                0.1551786314185399,
                0.15523661232708114,
                0.1553553382096941,
                0.16727682400539973,
                0.21165494015289013
            ],
            [
                0.16952669066043732,
                0.16739870891455552,
                0.16595080466340248,
                0.16534190816256636,
                0.1653678332822222,
                0.16641405431681605
            ],
            [
                0.16821762161490486,
                0.16664271669527492,
                0.16629069516159584,
                0.16614144263686714,
                0.16615447151752724,
                0.16655305237383006
            ]
        ]
    },
    {
        "source_sentence": [
            "a",
            "n",
            "i",
            "k"
        ],
        "target_sentence": [
            "\u0905",
            "\u0928",
            "\u093f",
            "\u0915"
        ],
        "attention_matrix": [
            [
                0.18455414295007716,
                0.1844815126581442,
                0.1863958762114353,
                0.4445684681803434
            ],
            [
                0.2470516471788686,
                0.2470477590600852,
                0.2470476100987598,
                0.2588529836622863
            ],
            [
                0.24940928211680946,
                0.2492946730031123,
                0.24928345637625451,
                0.25201258850382385
            ],
            [
                0.2522882674859301,
                0.24967304676922114,
                0.24912133538557293,
                0.24891735035927587
            ]
        ]
    },
    {
        "source_sentence": [
            "l",
            "a",
            "g",
            "a",
            "t",
            "a",
            "r"
        ],
        "target_sentence": [
            "\u0932",
            "\u0917",
            "\u093e",
            "\u0924",
            "\u093e",
            "\u0930"
        ],
        "attention_matrix": [
            [
                0.11810195534667856,
                0.11781865605167474,
                0.12282646732155934,
                0.27761627749777007,
                0.12434156643542893,
                0.12101720936034271,
                0.11827786798654563
            ],
            [
                0.11909373000113227,
                0.11898685389537696,
                0.11916831372861045,
                0.1210736613328418,
                0.258368883935075,
                0.1381761834751077,
                0.12513237363185592
            ],
            [
                0.12348499730478632,
                0.1221842310976933,
                0.12186600372763945,
                0.12166366347259094,
                0.1266102720293043,
                0.1382160882686087,
                0.24597474409937709
            ],
            [
                0.1466514807019008,
                0.141304023440619,
                0.14076637198339934,
                0.1407532317894545,
                0.14082973197745638,
                0.14092853884859863,
                0.14876662125857135
            ],
            [
                0.14299990621687056,
                0.14279585226335892,
                0.14279050005171695,
                0.1427894075763598,
                0.1427953889808221,
                0.14279733633792852,
                0.14303160857294317
            ],
            [
                0.14285612925503338,
                0.14285410772005305,
                0.14285322320322225,
                0.14285249238713146,
                0.1428539642002331,
                0.14285295036229873,
                0.1428771328720281
            ]
        ]
    },
    {
        "source_sentence": [
            "a",
            "a",
            "w",
            "a",
            "z",
            "o",
            "n"
        ],
        "target_sentence": [
            "\u0906",
            "\u0935",
            "\u093e",
            "\u091c",
            "\u094b",
            "\u0902"
        ],
        "attention_matrix": [
            [
                0.12161444433251614,
                0.12188372412278965,
                0.12618110978696537,
                0.15523633003652354,
                0.22728263325815326,
                0.12559413369889863,
                0.12220762476415345
            ],
            [
                0.1212477082759006,
                0.12118826065507331,
                0.1211977294307614,
                0.12176999369966124,
                0.14533986745485336,
                0.22978437672275273,
                0.13947206376099744
            ],
            [
                0.11694279104610808,
                0.11691059387510933,
                0.11690375985770911,
                0.1169042112284209,
                0.11723779807147007,
                0.11795672711982882,
                0.2971441188013538
            ],
            [
                0.14445966674322255,
                0.14245668152363913,
                0.14187292870359966,
                0.14169361219689702,
                0.14171182454339526,
                0.14168651420264036,
                0.14611877208660595
            ],
            [
                0.14327114903173618,
                0.1428090598947922,
                0.14275557565924624,
                0.14275210465952237,
                0.14275261426309677,
                0.1427527604445223,
                0.14290673604708398
            ],
            [
                0.1431648078272707,
                0.14286824811807036,
                0.14279189864770714,
                0.1427852563848812,
                0.14278438745512234,
                0.14278679645685702,
                0.1428186051100911
            ]
        ]
    },
    {
        "source_sentence": [
            "d",
            "u",
            "v",
            "i",
            "d",
            "h",
            "a",
            "a",
            "y",
            "e",
            "i",
            "n"
        ],
        "target_sentence": [
            "\u0926",
            "\u0941",
            "\u0935",
            "\u093f",
            "\u0927",
            "\u093e",
            "\u090f",
            "\u0902"
        ],
        "attention_matrix": [
            [
                0.07335885895136143,
                0.07334156732570701,
                0.07458103616746135,
                0.18978794471377053,
                0.07514760383955353,
                0.07360678598609198,
                0.07348819468663323,
                0.07336465528529217,
                0.07333074157350279,
                0.07333123535721449,
                0.07333406924775036,
                0.0733273068656611
            ],
            [
                0.07328584833032412,
                0.0732733190246011,
                0.07330992074396421,
                0.07379065367209196,
                0.19108101821251414,
                0.07494392194143824,
                0.07392767403534475,
                0.07328937614897028,
                0.07327389486762453,
                0.07327569407928612,
                0.07328155215799072,
                0.07326712678584978
            ],
            [
                0.07332801290815959,
                0.07330737135597036,
                0.07333295186473127,
                0.0733083680054895,
                0.07428139151276537,
                0.19020005479059576,
                0.07562652903777511,
                0.07336556333546777,
                0.07331537206786302,
                0.07331351792161585,
                0.07331300208230478,
                0.07330786511726152
            ],
            [
                0.07368120309736288,
                0.07362179144606926,
                0.07369046472232285,
                0.07361800528095898,
                0.07392070669698673,
                0.07883420836180594,
                0.18394830106758261,
                0.07407699647026653,
                0.07365307486171975,
                0.0736378647487932,
                0.07368707763806005,
                0.07363030560807121
            ],
            [
                0.07913906462467689,
                0.07656502055902928,
                0.07633118201383943,
                0.07627294503156196,
                0.07627339336182722,
                0.0763067877663771,
                0.08571869410410662,
                0.11064472583183031,
                0.09820049434315564,
                0.0868143482994325,
                0.08091165602525582,
                0.07682168803890725
            ],
            [
                0.07602986490255545,
                0.07588724752054997,
                0.07588669205948066,
                0.07588638524332107,
                0.07588644388655047,
                0.07588671375508359,
                0.07671262124866882,
                0.07951215357346712,
                0.09451541345602937,
                0.11740447496741195,
                0.10029911923405858,
                0.07609287015282303
            ],
            [
                0.07996131951514578,
                0.07994725483145707,
                0.07994717754574811,
                0.0799441871125298,
                0.07994414889380491,
                0.07994586059103269,
                0.0799891426883334,
                0.08014230413068044,
                0.08000302023293657,
                0.08001423187396671,
                0.08233424123785033,
                0.11782711134651429
            ],
            [
                0.0821661930987828,
                0.08216677354037215,
                0.08216719844471665,
                0.0821692338425267,
                0.08216585099839496,
                0.08216605870907927,
                0.08217356830752649,
                0.08223804315071974,
                0.08218613749839412,
                0.0821737607809514,
                0.08230876343604483,
                0.09591841819249082
            ]
        ]
    },
    {
        "source_sentence": [
            "p",
            "a",
            "d",
            "e",
            "g",
            "a"
        ],
        "target_sentence": [
            "\u092a",
            "\u0926",
            "\u0947",
            "\u0917",
            "\u093e"
        ],
        "attention_matrix": [
            [
                0.13814501168425303,
                0.13820047590789297,
                0.1469692523617702,
                0.21951599661965487,
                0.2174958956897158,
                0.1396733677367132
            ],
            [
                0.1395697866480398,
                0.1395628311480369,
                0.1397621633541952,
                0.14439936244376242,
                0.23397035928828194,
                0.2027354971176839
            ],
            [
                0.15632857558744406,
                0.1559637399317821,
                0.15599686456216788,
                0.15596581368901621,
                0.15675024972499324,
                0.21899475650459652
            ],
            [
                0.16800458299359436,
                0.1664535083648732,
                0.1663678659837159,
                0.16636008644403538,
                0.16636097850743775,
                0.16645297770634354
            ],
            [
                0.16667428653389582,
                0.16666872390038914,
                0.1666659121565166,
                0.16666405442215163,
                0.16666339151251816,
                0.16666363147452862
            ]
        ]
    },
    {
        "source_sentence": [
            "a",
            "v",
            "s",
            "t",
            "h",
            "a",
            "e",
            "n"
        ],
        "target_sentence": [
            "\u0905",
            "\u0935",
            "\u0938",
            "\u094d",
            "\u0925",
            "\u093e",
            "\u090f",
            "\u0902"
        ],
        "attention_matrix": [
            [
                0.10356169445389221,
                0.10354753607189106,
                0.10362635792528148,
                0.2719126654049777,
                0.10554271555636466,
                0.10471967346126784,
                0.10354656494173282,
                0.10354279218459213
            ],
            [
                0.10326104424471211,
                0.10325976828519065,
                0.10326072221015281,
                0.10371366826305255,
                0.27517335408608096,
                0.1048064690594157,
                0.10326487316861846,
                0.10326010068277684
            ],
            [
                0.1077967843840112,
                0.10769661375506061,
                0.10770002915311531,
                0.10829104167470642,
                0.20169121256746866,
                0.14936159292671214,
                0.10969895601053914,
                0.10776376952838658
            ],
            [
                0.11129363189285411,
                0.10980215691373056,
                0.10917738252471947,
                0.10902932050050351,
                0.11193047327273875,
                0.21267083561673017,
                0.12282027629292802,
                0.11327592298579552
            ],
            [
                0.11802040322682163,
                0.11601157174613128,
                0.11379279416049487,
                0.11357561974766212,
                0.11364289414353525,
                0.11705941009212001,
                0.1673768182590212,
                0.14052048862421368
            ],
            [
                0.12008290212788987,
                0.11889197052804631,
                0.11861677055410834,
                0.11858212166685343,
                0.11858377419804347,
                0.11912512488100446,
                0.125204071527467,
                0.1609132645165871
            ],
            [
                0.12557201450019898,
                0.12497353608934267,
                0.1248922818416225,
                0.12489187783677128,
                0.12489872227241679,
                0.12490621481724108,
                0.12491613156388418,
                0.12494922107852247
            ],
            [
                0.12500711806221074,
                0.12498604815709961,
                0.12498099329270046,
                0.1250808118371828,
                0.12500264743008882,
                0.12498635235767598,
                0.12497659530872827,
                0.12497943355431329
            ]
        ]
    },
    {
        "source_sentence": [
            "s",
            "i",
            "n",
            "g",
            "h",
            "r",
            "e"
        ],
        "target_sentence": [
            "\u0938",
            "\u093f",
            "\u0902",
            "\u0918",
            "\u0930",
            "\u0947"
        ],
        "attention_matrix": [
            [
                0.12182059681931284,
                0.12139329138352938,
                0.1280109037389245,
                0.22855498479793715,
                0.12773079173912077,
                0.15078334583717665,
                0.1217060856839988
            ],
            [
                0.11806055897094767,
                0.11804043035161205,
                0.11812995150630068,
                0.12409874747122092,
                0.2745326948512239,
                0.12795282773081168,
                0.11918478911788319
            ],
            [
                0.11628736580891612,
                0.11627944506221397,
                0.11628597879465513,
                0.11629236660907263,
                0.12001875637604652,
                0.29513294050278793,
                0.1197031468463077
            ],
            [
                0.12823854069881793,
                0.12817278370757232,
                0.12822896187069335,
                0.12819484277832832,
                0.12884863478984196,
                0.14122208939442527,
                0.21709414676032093
            ],
            [
                0.14339062811646555,
                0.14273806929540273,
                0.14272191282696647,
                0.14268539922169887,
                0.14270220406689335,
                0.14287818030001506,
                0.14288360617255808
            ],
            [
                0.14349079235950385,
                0.1427822732050281,
                0.14274157538573862,
                0.1427396632695657,
                0.1427410283602482,
                0.14275700347020942,
                0.1427476639497062
            ]
        ]
    },
    {
        "source_sentence": [
            "a",
            "l",
            "a",
            "n",
            "k",
            "a",
            "a",
            "r"
        ],
        "target_sentence": [
            "\u0905",
            "\u0932",
            "\u0902",
            "\u0915",
            "\u093e",
            "\u0930"
        ],
        "attention_matrix": [
            [
                0.10400980831455162,
                0.10400705833757558,
                0.1041027104805092,
                0.2651253256257911,
                0.11067481072803603,
                0.10403486229374267,
                0.10401830628989596,
                0.10402711792989794
            ],
            [
                0.10866889929711035,
                0.10865271654369357,
                0.10867910891641107,
                0.1250098130973702,
                0.14472794482305842,
                0.1791549056658998,
                0.11582718802033831,
                0.10927942363611823
            ],
            [
                0.10863225064526041,
                0.10817614178315782,
                0.10812526328990532,
                0.10814854677787121,
                0.1151087497302418,
                0.20189249034775275,
                0.13282434311408733,
                0.11709221431172344
            ],
            [
                0.11124208708360424,
                0.10990057694630705,
                0.10940903418243658,
                0.10934131981523398,
                0.10936110707746949,
                0.10991657059522213,
                0.18873816326878481,
                0.15209114103094176
            ],
            [
                0.12491655446951325,
                0.12462892813912821,
                0.12457113002080458,
                0.1245704599363832,
                0.12457045995380606,
                0.12457534788880624,
                0.12466630161284002,
                0.1275008179787185
            ],
            [
                0.12500178743292878,
                0.12499122770754824,
                0.124989034923285,
                0.12498898522598618,
                0.12498874681880333,
                0.12499917261197753,
                0.12501637531156543,
                0.1250246699679055
            ]
        ]
    },
    {
        "source_sentence": [
            "s",
            "i",
            "d",
            "d",
            "h",
            "v",
            "a",
            "t"
        ],
        "target_sentence": [
            "\u0938",
            "\u093f",
            "\u0926",
            "\u094d",
            "\u0927",
            "\u0935",
            "\u0924"
        ],
        "attention_matrix": [
            [
                0.10346148698234456,
                0.10345963463426726,
                0.1035509657023071,
                0.27263005471128515,
                0.10492966289026799,
                0.10493650267369087,
                0.10351385559551253,
                0.10351783681032455
            ],
            [
                0.10381336809157078,
                0.10379816871433241,
                0.10384887840632401,
                0.1060316597361313,
                0.2684958838326701,
