[
    {
        "source_sentence": [
            "a",
            "n"
        ],
        "target_sentence": [
            "\u0905",
            "\u0902"
        ],
        "attention_matrix": [
            [
                0.5004816517140998,
                0.49951834828590036
            ],
            [
                0.500010307178853,
                0.49998969282114697
            ]
        ]
    },
    {
        "source_sentence": [
            "a",
            "n",
            "k",
            "g",
            "a",
            "n",
            "i",
            "t"
        ],
        "target_sentence": [
            "\u0905",
            "\u0902",
            "\u0915",
            "\u0917",
            "\u0923",
            "\u093f",
            "\u0924"
        ],
        "attention_matrix": [
            [
                0.10318615038830202,
                0.10317641966439467,
                0.1032544972673231,
                0.2765375989825104,
                0.10426444688958894,
                0.10319384987448497,
                0.1032010608756114,
                0.10318597605778454
            ],
            [
                0.10719500448392176,
                0.10719132255419725,
                0.10719233009367411,
                0.13925233162581735,
                0.21089723387579834,
                0.1138642340369585,
                0.10721009530067045,
                0.10719744802896215
            ],
            [
                0.10707295448864435,
                0.1069475097816809,
                0.10690285920618169,
                0.10746288802256664,
                0.1361014297654843,
                0.21896144495680625,
                0.10885851978467485,
                0.10769239399396091
            ],
            [
                0.10977299167577967,
                0.10922754273248772,
                0.10900068427702261,
                0.10892540439343867,
                0.108997263827643,
                0.14337063483308632,
                0.1777301658934862,
                0.13297531236705568
            ],
            [
                0.12039317544097547,
                0.11967632057356148,
                0.11940005094594865,
                0.11939209723347209,
                0.11940774347636382,
                0.11948593780004078,
                0.1224946424063348,
                0.159750032123303
            ],
            [
                0.12499466924953058,
                0.12499035108521886,
                0.12498986461906247,
                0.12498985973741167,
                0.12499056895123359,
                0.12499041001270034,
                0.12499057316312688,
                0.1250637031817154
            ],
            [
                0.12499804594060003,
                0.12499339566853646,
                0.12499139654049135,
                0.12499030352124861,
                0.12499050145785591,
                0.12499178564514647,
                0.1249949706543007,
                0.12504960057182055
            ]
        ]
    },
    {
        "source_sentence": [
            "u",
            "n",
            "c",
            "l",
            "e"
        ],
        "target_sentence": [
            "\u0905",
            "\u0902",
            "\u0915",
            "\u0932"
        ],
        "attention_matrix": [
            [
                0.16193613803882717,
                0.1658648373154643,
                0.17268557202190882,
                0.3337516394795243,
                0.16576181314427546
            ],
            [
                0.17096075729349178,
                0.17089277859425764,
                0.17112606977838793,
                0.20363708575292283,
                0.28338330858093985
            ],
            [
                0.1760037063232625,
                0.17583524339692475,
                0.17602381446046048,
                0.17948288553405434,
                0.29265435028529774
            ],
            [
                0.19913909130588742,
                0.19845283476614364,
                0.1972377616512208,
                0.1971367326982034,
                0.20803357957854474
            ]
        ]
    },
    {
        "source_sentence": [
            "a",
            "n",
            "k",
            "u",
            "r"
        ],
        "target_sentence": [
            "\u0905",
            "\u0902",
            "\u0915",
            "\u0941",
            "\u0930"
        ],
        "attention_matrix": [
            [
                0.15224642431605576,
                0.15227463082007164,
                0.15393649600695744,
                0.3823048898908068,
                0.15923755896610828
            ],
            [
                0.15286469922436394,
                0.15286201044672662,
                0.1528625586463731,
                0.16769171559353568,
                0.37371901608900066
            ],
            [
                0.1913439296310945,
                0.19099090867460355,
                0.19092236650804967,
                0.1938159074723032,
                0.23292688771394898
            ],
            [
                0.20078672032304515,
                0.19992795895704696,
                0.1997811874190689,
                0.1997409742933947,
                0.1997631590074442
            ],
            [
                0.20185268441114101,
                0.2000219388912676,
                0.19938873463718781,
                0.19936740356783425,
                0.19936923849256935
            ]
        ]
    },
    {
        "source_sentence": [
            "a",
            "n",
            "k",
            "u",
            "r",
            "a",
            "n"
        ],
        "target_sentence": [
            "\u0905",
            "\u0902",
            "\u0915",
            "\u0941",
            "\u0930",
            "\u0923"
        ],
        "attention_matrix": [
            [
                0.11510174429337544,
                0.1151030744774968,
                0.11516470599193922,
                0.30743854075025034,
                0.11695324434126593,
                0.11512995176036586,
                0.11510873838530651
            ],
            [
                0.11675746906659214,
                0.11675600095617208,
                0.11675638716203869,
                0.12798559916905,
                0.2874695182015355,
                0.11747941752577704,
                0.1167956079188345
            ],
            [
                0.12162615925088768,
                0.12139591859152943,
                0.12135100049010178,
                0.12326713398052457,
                0.149407306350088,
                0.2244464414395842,
                0.1385060398972844
            ],
            [
                0.11798616526209142,
                0.11758987505387682,
                0.11752803553232996,
                0.11750605718417517,
                0.11752155694913045,
                0.12260077260580972,
                0.2892675374125863
            ],
            [
                0.14449254324551986,
                0.14333068144822148,
                0.1423249016061694,
                0.14226577642740967,
                0.14226905282477567,
                0.14227470312623236,
                0.14304234132167165
            ],
            [
                0.14286179437140145,
                0.14285428802445027,
                0.1428532674055639,
                0.14285390697527678,
                0.14285329408116682,
                0.14285394869922616,
                0.14286950044291477
            ]
        ]
    },
    {
        "source_sentence": [
            "a",
            "n",
            "k",
            "u",
            "r",
            "i",
            "t"
        ],
        "target_sentence": [
            "\u0905",
            "\u0902",
            "\u0915",
            "\u0941",
            "\u0930",
            "\u093f",
            "\u0924"
        ],
        "attention_matrix": [
            [
                0.11497956436306293,
                0.11497805134955903,
                0.11498912550963383,
                0.3087607909514207,
                0.11628016738429978,
                0.11503195800785766,
                0.11498034243416595
            ],
            [
                0.11674114600527671,
                0.11673974492834219,
                0.11674013032118301,
                0.1279977482219881,
                0.2875822898038183,
                0.11742302386025674,
                0.11677591685913496
            ],
            [
                0.12081666140941899,
                0.1205700435953722,
                0.12052191143444253,
                0.12258095134968226,
                0.1509110019286151,
                0.23397471240090728,
                0.13062471788156155
            ],
            [
                0.11809197839707616,
                0.11759854957846229,
                0.11752904043084322,
                0.11750651581801282,
                0.11753993040024283,
                0.1277899063469872,
                0.2839440790283754
            ],
            [
                0.14377644729593442,
                0.1428812367709535,
                0.14253899652987048,
                0.14252387487222726,
                0.14252548838926912,
                0.14252661362073632,
                0.14322734252100888
            ],
            [
                0.14284335676283547,
                0.1428237362574737,
                0.14282235396979,
                0.14282251586784372,
                0.1428225177233153,
                0.14282464447696253,
                0.14304087494177917
            ],
            [
                0.14287279678216194,
                0.14283219441811282,
                0.14281958762843042,
                0.14281900297924546,
                0.14282223790398477,
                0.14282181599776042,
                0.14301236429030412
            ]
        ]
    },
    {
        "source_sentence": [
            "a",
            "a",
            "n",
            "k",
            "u",
            "s",
            "h"
        ],
        "target_sentence": [
            "\u0906",
            "\u0902",
            "\u0915",
            "\u0941",
            "\u0936"
        ],
        "attention_matrix": [
            [
                0.11609596472094706,
                0.11604949000973071,
                0.11648133859387352,
                0.1191128237508834,
                0.2982005769724926,
                0.11798497302255015,
                0.11607483292952268
            ],
            [
                0.11991102978125459,
                0.11986840034509118,
                0.11988060408447314,
                0.1200415798289594,
                0.13468470054078555,
                0.24954986963895512,
                0.13606381578048113
            ],
            [
                0.11815096141710327,
                0.11811208394276371,
                0.11810578664438709,
                0.11810658366247057,
                0.1182883254536332,
                0.12729817241109423,
                0.28193808646854807
            ],
            [
                0.14301509039803997,
                0.14245980440970216,
                0.14241724633568686,
                0.14237917095215505,
                0.1423706705253331,
                0.14239783222935012,
                0.14496018514973266
            ],
            [
                0.14400181144269095,
                0.14283732886660108,
                0.14264333661980252,
                0.1426294681731614,
                0.1426291034046313,
                0.1426292791863105,
                0.14262967230680218
            ]
        ]
    },
    {
        "source_sentence": [
            "a",
            "n",
            "k",
            "u",
            "s",
            "h"
        ],
        "target_sentence": [
            "\u0905",
            "\u0902",
            "\u0915",
            "\u0941",
            "\u0936"
        ],
        "attention_matrix": [
            [
                0.13190619026333322,
                0.1318616772778135,
                0.1322147334082528,
                0.33097524587571864,
                0.14118550619355244,
                0.13185664698132943
            ],
            [
                0.1324529936243581,
                0.13245009177907655,
                0.13245054835369063,
                0.1448015543988517,
                0.32374240687572176,
                0.13410240496830125
            ],
            [
                0.1381165702489432,
                0.13794484787486014,
                0.13791194626854855,
                0.13931944612014754,
                0.15767123184661108,
                0.2890359576408895
            ],
            [
                0.16664377944974162,
                0.16622734976302309,
                0.16615049427665415,
                0.166138989070809,
                0.16614730770046132,
                0.16869207973931075
            ],
            [
                0.1673447423560979,
                0.1666400185650427,
                0.16650620680526887,
                0.16650273688233594,
                0.16650316573246357,
                0.166503129658791
            ]
        ]
    },
    {
        "source_sentence": [
            "a",
            "n",
            "g"
        ],
        "target_sentence": [
            "\u0905",
            "\u0902",
            "\u0917"
        ],
        "attention_matrix": [
            [
                0.3327579789544178,
                0.3321413906488246,
                0.3351006303967576
            ],
            [
                0.33333573264490324,
                0.33333135524049995,
                0.3333329121145968
            ],
            [
                0.33352702056726075,
                0.33325560234931184,
                0.33321737708342747
            ]
        ]
    },
    {
        "source_sentence": [
            "a",
            "n",
            "g",
            "a"
        ],
        "target_sentence": [
            "\u0905",
            "\u0902",
            "\u0917",
            "\u093e"
        ],
        "attention_matrix": [
            [
                0.1775089950102837,
                0.17749394292608908,
                0.17801110062754127,
                0.4669859614360859
            ],
            [
                0.2472915609782537,
                0.2472884777037623,
                0.24728940283552822,
                0.2581305584824559
            ],
            [
                0.24989757462695097,
                0.24964235842280108,
                0.24961313886552136,
                0.2508469280847264
            ],
            [
                0.25147048476590445,
                0.2502397661471871,
                0.24922871653894857,
                0.24906103254795978
            ]
        ]
    },
    {
        "source_sentence": [
            "a",
            "g",
            "a",
            "n",
            "d",
            "h"
        ],
        "target_sentence": [
            "\u0905",
            "\u0902",
            "\u0917",
            "\u0926"
        ],
        "attention_matrix": [
            [
                0.1321898607449189,
                0.132191533654783,
                0.13359061369856737,
                0.33145156177545393,
                0.13846085297296648,
                0.13211557715331035
            ],
            [
                0.13728965558263903,
                0.13727181534479305,
                0.1373241563851771,
                0.14715763482416522,
                0.15595680388337543,
                0.2849999339798501
            ],
            [
                0.14661898020777495,
                0.14614503217433533,
                0.146014912743967,
                0.14611708707583398,
                0.14693948274749322,
                0.2681645050505954
            ],
            [
                0.1694164724202766,
                0.16651906978475212,
                0.16593447080115528,
                0.16589219087311025,
                0.16589389165938412,
                0.16634390446132158
            ]
        ]
    },
    {
        "source_sentence": [
            "a",
            "n",
            "g",
            "a",
            "d"
        ],
        "target_sentence": [
            "\u0905",
            "\u0902",
            "\u0917",
            "\u0926"
        ],
        "attention_matrix": [
            [
                0.15037627078480686,
                0.15037275535553987,
                0.15077804925924923,
                0.393290027525762,
                0.15518289707464197
            ],
            [
                0.15234586591929197,
                0.1523433417311339,
                0.15234401291342184,
                0.1602648597829095,
                0.3827019196532429
            ],
            [
                0.1912792979820567,
                0.19113254628207457,
                0.1911058334257518,
                0.19183486586305723,
                0.23464745644705975
            ],
            [
                0.20091450141140027,
                0.20003403770553568,
                0.19970684594589272,
                0.19966662853550027,
                0.19967798640167092
            ]
        ]
    },
    {
        "source_sentence": [
            "a",
            "n",
            "g",
            "a",
            "n",
            "e"
        ],
        "target_sentence": [
            "\u0905",
            "\u0902",
            "\u0917",
            "\u0928",
            "\u0947"
        ],
        "attention_matrix": [
            [
                0.1348556823442657,
                0.13482616963217595,
                0.13624393635512497,
                0.31404506155460543,
                0.14486561378710416,
                0.13516353632672382
            ],
            [
                0.13398336986168152,
                0.13397957031483437,
                0.1339803191116264,
                0.1416354196714037,
                0.31513910891771973,
                0.14128221212273429
            ],
            [
                0.140045834082986,
                0.1399661597796783,
                0.13995280736303994,
                0.14044612703491247,
                0.16721601229197958,
                0.27237305944740364
            ],
            [
                0.1678365779585303,
                0.1668248542704541,
                0.16625050262997604,
                0.16617011703218548,
                0.166188431972768,
                0.16672951613608603
            ],
            [
                0.16792138002220347,
                0.16656216885091887,
                0.1663754670531424,
                0.1663726456132254,
                0.16638988946506278,
                0.16637844899544715
            ]
        ]
    },
    {
        "source_sentence": [
            "a",
            "n",
            "g",
            "b",
            "h",
            "a",
            "n",
            "g"
        ],
        "target_sentence": [
            "\u0905",
            "\u0902",
            "\u0917",
            "\u092d",
            "\u0902",
            "\u0917"
        ],
        "attention_matrix": [
            [
                0.10319706575763186,
                0.10319751531275016,
                0.10324051066697677,
                0.27601555766326974,
                0.1046350642168532,
                0.10327788721099004,
                0.1031962990651668,
                0.10324010010636141
            ],
            [
                0.10503269173015542,
                0.10503119740083895,
                0.10503164827566956,
                0.11052418000225664,
                0.2508071588813079,
                0.11334364781818707,
                0.10519655906938706,
                0.10503291682219743
            ],
            [
                0.10693376183388617,
                0.10689708646998876,
                0.10688874768101496,
                0.10693215807313383,
                0.13120140264792077,
                0.22090843019992248,
                0.11325668096883525,
                0.10698173212529782
            ],
            [
                0.11078400710818068,
                0.11060607960471533,
                0.11050400299827681,
                0.11046961159322811,
                0.1105095525198122,
                0.11159716382426901,
                0.18016866133665377,
                0.15536092101486398
            ],
            [
                0.12515863675034544,
                0.1236709322894867,
                0.12328590386453223,
                0.12327652516205925,
                0.12327710908335318,
                0.12327589722075884,
                0.12343789967754965,
                0.13461709595191462
            ],
            [
                0.12515376200038264,
                0.12497782851534972,
                0.12495727510614711,
                0.1249570620666703,
                0.12495907695060529,
                0.12496932396236078,
                0.12498024159481448,
                0.1250454298036697
            ]
        ]
    },
    {
        "source_sentence": [
            "a",
            "n",
            "g",
            "a",
            "r",
            "a",
            "k",
            "s",
            "h",
            "a",
            "k"
        ],
        "target_sentence": [
            "\u0905",
            "\u0902",
            "\u0917",
            "\u093e",
            "\u0930",
            "\u0915",
            "\u094d",
            "\u0937",
            "\u0915"
        ],
        "attention_matrix": [
            [
                0.07901314893049136,
                0.07900972490235227,
                0.07902308914805974,
                0.20695854388107512,
                0.08183225199113701,
                0.0790925510443826,
                0.07901672201089509,
                0.07902552434224258,
                0.07901266060931499,
                0.07900894446394303,
                0.07900683867610618
            ],
            [
                0.07940507268961537,
                0.0794037061161779,
                0.07940405515490244,
                0.0835380265446254,
                0.1996597310350084,
                0.08136371954455322,
                0.0796070082334847,
                0.07940618561269987,
                0.07940594262592467,
                0.07940363815804152,
                0.07940291428496637
            ],
            [
                0.08155158461448012,
                0.08149775031295171,
                0.08148810417359391,
                0.081768622043499,
                0.09734822793250361,
                0.1512545305158279,
                0.09856990979659058,
                0.08193434626216714,
                0.08159746729548786,
                0.0815092592694785,
                0.08148019778341972
            ],
            [
                0.08240372004221973,
                0.08190090948513981,
                0.08172903443482614,
                0.08169896393964188,
                0.08171008537383759,
                0.08192234362279287,
                0.14352809350558213,
                0.10606090395364426,
                0.09453198701096185,
                0.08250800270225572,
                0.08200595592909819
            ],
            [
                0.08087165914937228,
                0.08017716675176445,
                0.07998895993429378,
                0.0799871255289826,
                0.07998715333787802,
                0.07998726420272347,
                0.08052461878165797,
                0.08597079945028288,
                0.18982727911160854,
                0.08151252730417143,
                0.08116544644726467
            ],
            [
                0.0816371831652819,
                0.08158415255871378,
                0.08158086931517065,
                0.08158125192583492,
                0.08158105173081055,
                0.08158136957452375,
                0.08170130426036457,
                0.08170560461508976,
                0.13599227508060147,
                0.12499002166654984,
                0.08606491610705884
            ],
            [
                0.08127094776707804,
                0.08124936742075607,
                0.08124286204147385,
                0.08124292568727444,
                0.08124261355561437,
                0.08124281424074759,
                0.08129076684270164,
                0.08125339433760319,
                0.08175934931610848,
                0.17342333624342035,
                0.09478162254722187
            ],
            [
                0.09011466520656468,
                0.09011285055497728,
                0.09011155759850578,
                0.0901112733571198,
                0.0901112122817053,
                0.09011127134957334,
                0.09012447505119986,
                0.09011613901473349,
                0.09013275484791443,
                0.09093818959024823,
                0.09801561114745799
            ],
            [
                0.09079177669261922,
                0.09079143729166585,
                0.09079131662719704,
                0.09079104427367028,
                0.09079075688882782,
                0.09079142847000272,
                0.09080611794594558,
                0.09079517623271857,
                0.09082505989606407,
                0.09110189421484595,
                0.09172399146644282
            ]
        ]
    },
    {
        "source_sentence": [
            "a",
            "n",
            "g",
            "r",
            "a",
            "k",
            "s",
            "h",
            "a",
            "k"
        ],
        "target_sentence": [
            "\u0905",
            "\u0902",
            "\u0917",
            "\u0930",
            "\u0915",
            "\u094d",
            "\u0937",
            "\u0915"
        ],
        "attention_matrix": [
            [
                0.085689447988515,
                0.08568680004493583,
                0.08569583423975662,
                0.2263532157473028,
                0.08807672133116286,
                0.085739787585958,
                0.08569270493916137,
                0.08569370094629848,
                0.08568673394937999,
                0.08568505322752902
            ],
            [
                0.086811230986722,
                0.08681023025670388,
                0.08681050187884795,
                0.09012792875176999,
                0.20679898425897913,
                0.09539356956939574,
                0.08681375848583998,
                0.0868140754616936,
                0.08681006640043278,
                0.0868096539496149
            ],
            [
                0.08726668486565459,
                0.0871600130972141,
                0.08712907040307602,
                0.08726007354259689,
                0.10006837295417877,
                0.20068933803940778,
                0.08866657676385244,
                0.08742338851366269,
                0.08721269414830375,
                0.08712378767205291
            ],
            [
                0.08758124923101043,
                0.08711541946321533,
                0.08695619571327465,
                0.08692699088451948,
                0.08694681555586299,
                0.09103765829104243,
                0.20527226424977454,
                0.09363466793075598,
                0.08745983196640005,
                0.08706890671414405
            ],
            [
                0.08905729368335652,
                0.08760043540842295,
                0.08731000920279332,
                0.08730473360216122,
                0.08730585627269884,
                0.08730544110065536,
                0.09868177351896015,
                0.19912228101582038,
                0.08857633617039344,
                0.08773584002473778
            ],
            [
                0.09092387596993173,
                0.08945471640851162,
                0.08928007378644436,
                0.0892791085940576,
                0.08927938292423289,
                0.08929274151718428,
                0.0894661875961476,
                0.09805465890325285,
                0.16796442492029443,
                0.10700482937994273
            ],
            [
                0.09933586134801964,
                0.09933422802946401,
                0.09933350721604314,
                0.09933332885713192,
                0.09933339124175225,
                0.09933340173215592,
                0.0993376403404609,
                0.09936149286382409,
                0.09976213819003775,
                0.1055350101811104
            ],
            [
                0.09990794935549822,
                0.09990764450845756,
                0.09990751778146081,
                0.09990712467761434,
                0.09990725210799906,
                0.09990758577380521,
                0.09991101718908148,
                0.0999604190406716,
                0.10001967997238934,
                0.10066380959302237
            ]
        ]
    },
    {
        "source_sentence": [
            "a",
            "n",
            "g",
            "a",
            "r",
            "a"
        ],
        "target_sentence": [
            "\u0905",
            "\u0902",
            "\u0917",
            "\u093e",
            "\u0930",
            "\u093e"
        ],
        "attention_matrix": [
            [
                0.13159863400059418,
                0.13159490373424,
                0.1318000628105409,
                0.33292002751664473,
                0.14041389200561716,
                0.1316724799323632
            ],
            [
                0.13235159748964193,
                0.1323484278011486,
                0.13234904385145688,
                0.13951216895490284,
                0.32621561323683007,
                0.13722314866601962
            ],
            [
                0.14218965046872148,
                0.1420943684621915,
                0.14207755056071325,
                0.14255935718221363,
                0.16893568087843241,
                0.26214339244772766
            ],
            [
                0.16795522735157192,
                0.1667141278061293,
                0.16627067340370125,
                0.1661958758554048,
                0.1662183420771333,
                0.16664575350605945
            ],
            [
                0.1700441355516233,
                0.16698185547278066,
                0.1657631946803652,
                0.16573775205373562,
                0.16573679112884449,
                0.16573627111265082
            ],
            [
                0.16669022704321687,
                0.16667265439120013,
                0.16666288415613073,
                0.1666595242644981,
                0.16665760435722368,
                0.1666571057877306
            ]
        ]
    },
    {
        "source_sentence": [
            "a",
            "n",
            "g",
            "a",
            "a",
            "r",
            "e"
        ],
        "target_sentence": [
            "\u0905",
            "\u0902",
            "\u0917",
            "\u093e",
            "\u0930",
            "\u0947"
        ],
        "attention_matrix": [
            [
                0.11550091534424628,
                0.11550234103714653,
                0.1155907761324338,
                0.3032353821178287,
                0.11905191158196005,
                0.11563772096172262,
                0.11548095282466217
            ],
            [
                0.11715283465484591,
                0.11715099577685366,
                0.11715148637410593,
                0.12294904719149358,
                0.28292044106729153,
                0.12551560757516958,
                0.11715958736023979
            ],
            [
                0.12099204903550416,
                0.12089832436030072,
                0.12088266526820289,
                0.12132834773144831,
                0.14672337373656374,
                0.23773942766627468,
                0.1314358122017056
            ],
            [
                0.1344791077040442,
                0.13338570622738416,
                0.13249954383972068,
                0.13236112167632338,
                0.1323667667949834,
                0.13264183397134385,
                0.2022659197862003
            ],
            [
                0.14395532181472367,
                0.14277949091810388,
                0.1426489333047365,
                0.1426490300852412,
                0.1426487234128604,
                0.14264792629544512,
                0.14267057416888915
            ],
            [
                0.14286441322042115,
                0.1428554788507662,
                0.1428537499071886,
                0.14285447707923143,
                0.1428537288193348,
                0.1428541323934342,
                0.1428640197296236
            ]
        ]
    },
    {
        "source_sentence": [
            "a",
            "n",
            "g",
            "a",
            "r",
            "e"
        ],
        "target_sentence": [
            "\u0905",
            "\u0902",
            "\u0917",
            "\u093e",
            "\u0930",
            "\u0947"
        ],
        "attention_matrix": [
            [
                0.1333118550292276,
                0.13370804173499448,
                0.1345505225501454,
                0.32746881745980366,
                0.13830922830982578,
                0.13265153491600315
            ],
            [
                0.13229559100636437,
                0.13229290630448612,
                0.1322936158898792,
                0.13973608937830365,
                0.32680168199383447,
                0.13658011542713222
            ],
            [
                0.14276698644973024,
                0.14267605913684855,
                0.14265973917099342,
                0.14313417625047303,
                0.169104585261692,
                0.2596584537302627
            ],
            [
                0.16814671739443843,
                0.16671914846087474,
                0.16622202904189723,
                0.1661495908060264,
                0.16617140043356263,
                0.16659111386320055
            ],
            [
                0.16980514670931507,
                0.1669594992094997,
                0.1658288338070221,
                0.16580265370686686,
                0.16580297541672026,
                0.16580089115057603
            ],
            [
                0.16674633787036303,
                0.16666179110066767,
                0.16664577003066697,
                0.16664932598512955,
                0.16664628609438656,
                0.16665048891878617
            ]
        ]
    },
    {
        "source_sentence": [
            "a",
            "n",
            "g",
            "i"
        ],
        "target_sentence": [
            "\u0905",
            "\u0902",
            "\u0917",
            "\u0940"
        ],
        "attention_matrix": [
            [
                0.1903781993386763,
                0.19055580710101325,
                0.19067541022635898,
                0.4283905833339516
            ],
            [
                0.24627419991606053,
                0.24626773382898137,
                0.24626883632381313,
                0.2611892299311448
            ],
            [
                0.24991565734762097,
                0.2498815455170052,
                0.24987901550353495,
                0.25032378163183894
            ],
            [
                0.2504742626074483,
                0.24993729922013494,
                0.24979516177372227,
                0.24979327639869447
            ]
        ]
    },
    {
        "source_sentence": [
            "a",
            "n",
            "g",
            "i",
            "k",
            "a",
            "r"
        ],
        "target_sentence": [
            "\u0905",
            "\u0902",
            "\u0917",
            "\u0940",
            "\u0915",
            "\u093e",
            "\u0930"
        ],
        "attention_matrix": [
            [
                0.11538362827357936,
                0.11538453726176427,
                0.11555165984362804,
                0.3044991160295962,
                0.11826445862181947,
                0.11549453159823508,
                0.11542206837137764
            ],
            [
                0.11670777341346898,
                0.11670566748743624,
                0.11670626076704929,
                0.1238293160493992,
                0.2896451995041971,
                0.1193703940187283,
                0.11703538875972086
            ],
            [
                0.12075513497816262,
                0.12074007540475473,
                0.12073869681098379,
                0.12092518568903318,
                0.17144544729282218,
                0.2184456480415797,
                0.12694981178266382
            ],
            [
                0.11560258913511022,
                0.11545352583307462,
                0.11543449274919647,
                0.11543272419357394,
                0.11546964641615058,
                0.11586216109759931,
                0.3067448605752949
            ],
            [
                0.14398099458714625,
                0.14274653639740778,
                0.1424634899174912,
                0.14245648573814526,
                0.14245730816670354,
                0.1424571983475101,
                0.14343798684559592
            ],
            [
                0.1428603166588884,
                0.1428572100952082,
                0.14285643443491222,
                0.1428564124540301,
                0.14285593360054108,
                0.14285594734956533,
                0.1428577454068547
            ],
            [
                0.14288645683636372,
                0.1428601982725801,
                0.14284955490129458,
                0.14284901524832214,
                0.1428485793025686,
                0.1428517987498817,
                0.1428543966889892
            ]
        ]
    },
    {
        "source_sentence": [
            "a",
            "n",
            "g",
            "u",
            "t",
            "h",
            "e"
        ],
        "target_sentence": [
            "\u0905",
            "\u0902",
            "\u0917",
            "\u0942",
            "\u0920",
            "\u0947"
        ],
        "attention_matrix": [
            [
                0.11659946819666075,
                0.11648426532044913,
                0.1168008429445018,
                0.292934367786146,
                0.1229902996935155,
                0.11676793377798107,
                0.11742282228074578
            ],
            [
                0.11670810991484429,
                0.11670479966822536,
                0.11670527046717331,
                0.12392708112249438,
                0.2898814853294653,
                0.11912602781552258,
                0.11694722568227482
            ],
            [
                0.12083287059952752,
                0.12079093335597053,
                0.12078154503914666,
                0.12106018026862826,
                0.16077594401722717,
                0.2264802774031987,
                0.12927824931630105
            ],
            [
                0.11712706286465581,
